279
491
470
67
82
283
290
278
333
151
88
193
65
321
220
373
396
355
17
324
454
186
438
122
492
197
250
49
90
150
294
54
47
100
285
177
307
237
52
112
378
71
192
253
110
236
152
354
234
294
429
184
496
91
269
383
461
355
483
137
472
427
391
106
97
128
211
143
108
321
26
254
25
125
498
168
351
216
228
346
466
446
309
458
492
167
399
83
285
175
1
370
343
225
6
320
124
293
47
181
431
232
352
324
106
47
112
493
52
494
419
422
83
166
362
244
284
239
27
232
44
266
77
23
136
270
132
143
147
172
131
428
379
451
317
376
309
82
350
355
106
198
42
286
158
47
80
402
269
457
241
400
452
59
212
336
249
165
118
438
355
191
376
428
391
436
218
97
383
280
124
328
136
479
63
330
182
309
396
290
449
78
273
405
167
175
358
216
26
447
418
226
147
240
286
222
172
337
343
439
264
250
99
230
130
42
208
244
11
430
338
151
194
54
148
135
426
391
98
474
71
79
86
443
135
44
123
232
459
110
303
275
408
487
452
460
41
310
207
236
358
405
251
253
411
485
471
253
401
137
464
371
80
5
425
152
491
63
149
147
358
89
87
185
352
191
121
433
200
98
450
31
358
78
98
338
245
97
71
457
435
126
76
295
54
463
351
209
476
140
400
462
218
141
232
136
240
36
328
54
114
302
118
176
467
119
407
497
213
481
470
413
463
480
450
463
151
258
442
207
284
408
427
314
316
344
475
319
389
126
127
144
292
328
4
340
167
356
456
486
447
262
138
8
381
439
308
91
149
8
250
127
25
243
398
29
23
326
73
135
80
331
413
316
311
434
20
309
215
481
158
16
288
28
75
467
275
110
14
468
210
489
439
66
395
238
136
466
1
293
298
62
287
482
363
20
388
376
236
109
49
305
25
187
18
383
212
20
329
419
428
467
169
302
366
367
259
358
249
138
346
206
295
367
264
118
154
405
316
489
67
91
147
78
55
425
287
374
374
38
330
155
133
392
252
140
25
240
380
437
307
306
76
392
459
259
386
397
105
285
27
217
497
239
157
191
345
347
110
271
14
324
429
213
112
137
306
286
462
407
205
320
19
181
15
157
233
492
142
331
252
56
420
36
318
488
29
244
209
13
352
428
268
232
327
29
210
59
252
38
296
39
378
145
78
344
315
352
353
137
291
48
283
204
15
209
237
197
245
337
412
225
40
454
112
493
14
387
57
210
363
18
171
187
32
472
227
382
118
73
438
268
235
401
448
229
60
1
61
27
243
146
297
152
340
459
370
120
146
149
495
147
7
365
231
154
10
394
415
112
377
58
363
441
487
95
454
26
104
96
116
345
283
455
436
141
277
41
397
274
13
282
192
208
231
351
401
179
134
135
300
238
95
138
113
294
37
483
148
293
82
325
498
13
80
331
354
70
20
176
5
29
363
430
200
451
105
185
355
397
165
75
400
324
209
220
298
123
191
45
219
362
497
306
129
403
250
212
161
23
380
199
100
40
25
120
80
103
282
164
416
56
172
279
28
464
432
283
407
297
331
456
111
1
434
82
130
475
403
171
19
45
414
374
298
221
4
260
98
414
431
399
127
338
10
136
320
431
453
206
320
207
182
213
212
95
239
418
488
309
281
175
79
483
304
172
360
362
281
388
179
448
279
8
48
251
38
227
148
202
15
167
194
56
194
292
186
285
112
462
236
195
120
448
140
26
188
165
110
440
243
234
426
172
34
125
85
101
118
252
8
177
167
367
256
133
365
216
401
109
304
359
488
77
209
85
479
191
206
91
71
224
92
75
346
303
39
345
325
117
79
197
287
449
487
268
420
84
96
350
44
192
224
37
243
100
144
9
163
262
68
47
39
132
282
227
192
362
444
135
283
228
427
441
163
136
393
370
102
149
41
361
172
116
449
471
300
375
94
310
190
128
50
122
106
79
431
352
22
19
421
122
466
241
120
223
241
46
400
109
200
64
485
97
185
235
312
345
454
164
72
458
265
10
417
486
99
490
455
422
472
366
452
223
377
89
270
105
208
493
103
69
378
185
25
340
199
90
497
3
335
214
125
88
39
470
179
240
443
261
269
467
152
355
281
171
62
152
411
264
451
404
206
253
181
410
180
444
349
132
102
216
80
374
94
283
314
305
313
477
205
37
217
440
151
69
397
208
198
326
256
408
362
451
269
335
192
215
372
460
483
273
195
175
155
224
29
267
85
255
209
479
428
87
132
197
374
126
384
209
474
11
161
231
4
54
9
487
329
149